N= 10	pi= 3.6	err= 0.458407346410207
N= 100	pi= 3.2	err= 0.05840734641020706
N= 1000	pi= 3.18	err= 0.038407346410207044
N= 10000	pi= 3.1448	err= 0.003207346410206924
N= 100000	pi= 3.14608	err= 0.004487346410206872
N= 1000000	pi= 3.142364	err= 7.713464102070411E-4
p(v):************************************
0.1998028352541829
0.19961783500583824
0.19956525899214828
0.19953635741262196
0.19932378893211353
0.19906142133904403
0.19905030617026503
0.1985953984566329
0.19813909002929264
0.19796892702871888
0.19793901412424322
0.1976588550898546
0.19760730080599417
0.197574203398372
0.19746587939186627
0.19729975376273476
0.19729818872706792
0.19687345256719335
0.19659677759440877
0.19642667026046334
0.19594014551766353
0.19584989459385696
0.19580972940541785
0.19550959940996543
0.19546781154839518
0.19535672229824852
0.1953174801760853
0.19530706901662753
0.19513356828568673
0.1950450244264369
0.19499337563640784
0.19496235367031794
0.19494706690228591
0.19467491971411133
0.19464207161877561
0.19450279908690643
0.1944671694016028
0.1941856825028431
0.19398476510656776
0.19339098489654225
0.1932847574501736
0.19268158851238099
0.1922720393002629
0.1918469188803624
0.19147480721929555
0.19141106289131712
0.19095617552619415
0.1907775227801089
0.19057341892928967
0.1904700760432111
0.1902945471999994
0.18971046252447984
0.18945318727802768
0.18944050047321181
0.18934174240000473
0.18917387863573945
0.18904041592966617
0.1889612967928355
0.18890086577391985
0.18873451447769463
0.18868578403654185
0.18826605458626738
0.18768822689726206
0.187544116061379
0.18740067244813574
0.1873864464355467
0.187230281041868
0.1871048402532144
0.18707277346670811
0.18701179238739885
0.18684118214498413
0.1866911587815793
0.18628075542069147
0.18612799480732042
0.18538029879923995
0.18530767384889943
0.1851034627154287
0.18508029964744022
0.18453595634344122
0.18414181945620017
0.18396901787311176
0.18374199867352006
0.1834255950153731
0.18327647426623372
0.18307865171928472
0.18281389373260182
0.18237706095245682
0.18222891820505857
0.18208596807467983
0.18184849713458562
0.1817245889492748
0.18152928589985787
0.18135243822541003
0.18133952654256688
0.18092434526701145
0.18084810590459488
0.1804600845950996
0.17995744443217632
0.17964721640435052
0.17953905867162234
0.17930015771141727
0.17927052006533117
0.1789026271693326
0.17870538007715692
0.17868077878631644
0.17861988367068685
0.1785955748716328
0.17836678051778007
0.17833595689606638
0.17759809033066098
0.17726559651961848
0.17714876551096667
0.17709788861455975
0.17708991788231176
0.17696675816909052
0.17683763945710457
0.17683407084137312
0.17655035271115704
0.17648527142210965
0.1764393411833802
0.17641197097081193
0.17615728201793765
0.175578484859246
0.17541191311702511
0.17506291171857438
0.17501484500349812
0.1746052891240928
0.17453642797886348
0.17447906546978015
0.17438521421218411
0.17435669144086194
0.17419048705554854
0.1741191943207292
0.17387749094416963
0.17381435290901634
0.1737573374453275
0.17373935065940202
0.1735483922405445
0.1732367604952189
0.17279913286218385
0.172534215631346
0.1720358955494361
0.17187590060425886
0.17176187804611714
0.17155364130785086
0.17143428194151478
0.17130877766326658
0.1712634086676011
0.17116518727938138
0.1710262938432875
0.17099758376745086
0.17097599737744118
0.1707179394877931
0.1704995831531572
0.17033863219748868
0.17026019286249047
0.17024233198581842
0.16985492427795912
0.16980325429100027
0.16968731794858236
0.16909247718362744
0.1688014755063036
0.168598711595371
0.16856009409957873
0.16855267083418468
0.16817666955632898
0.16812916246722326
0.167873282259613
0.16785928522775576
0.16684789054731033
0.16639905329637067
0.16637989419082053
0.16595733075200225
0.16562376442867824
0.16561161845553574
0.16559456969760034
0.1651304460609767
0.1648849892647214
0.16471348447096776
0.16470881576743415
0.16460579271485565
0.16457261650391894
0.1644067259493458
0.16426209129267907
0.16412404777397316
0.16410798445415495
0.16407663437893255
0.1640449802608148
0.163162007266931
0.16298495798657722
0.1622323812710158
0.16180056932587805
0.1613944339427689
0.1613472014961528
0.16057918848103037
0.1603857308804758
0.1599083785423143
0.1598160012901947
0.15972383226817277
0.15961888360521656
0.15930942507921042
0.15887825771435315
0.15879191807531334
0.15875859856719815
0.15854507864069667
0.15822642457483493
0.15775864492991834
0.15773053000714468
0.15746836183956744
0.15726171777889164
0.1571335061295247
0.15642852806264781
0.15631800388041772
0.15617616798820255
0.15588737894969687
0.15565083120273068
0.15559978806446978
0.15557450825656327
0.15509382731965116
0.15481965008814308
0.15458892994539067
0.15449464756507592
0.15434990344048005
0.15412613095476455
0.15357469345186378
0.15313129520152474
0.15283323481355282
0.15268698651357682
0.15263889935500022
0.15239993509871164
0.15224895941311273
0.15141760588221978
0.15135416941793428
0.1512849346836895
0.15080867847384402
0.15078194734330996
0.1505850805786357
0.15031661562058626
0.14989960670831465
0.14989139146474076
0.14953268782837725
0.14939983590224457
0.1493883770531651
0.14865036040808774
0.14854645535835972
0.14853366343621358
0.1483388550163239
0.1482792202381241
0.14783170341145216
0.1467700664579294
0.14668188917471742
0.14639257618737406
0.14605911577969508
0.1456312558327811
0.14547513016014182
0.14541202973529543
0.14519678430626307
0.14515866166825103
0.14512453702162503
0.14495838580084908
0.1439578948519969
0.14350992855006803
0.14349866866180092
0.143472749207894
0.1433893725971515
0.14305714823085372
0.14293244372874733
0.14284153542452968
0.14279138925404009
0.14258538540921767
0.1423484960542485
0.1421973764376567
0.14197125382507864
0.14193923135356817
0.141897415057399
0.14178085071930638
0.14162127512919104
0.1415414066254583
0.14089081418386099
0.14078216667287935
0.13997077973627917
0.13992540797409628
0.1395478657253985
0.1393477088787461
0.13916051595350493
0.13895611213415915
0.13892066655094612
0.13882237611054463
0.1387950208511671
0.13857435551119013
0.13828126714122818
0.13788204430594717
0.13772977986702326
0.13742752283945311
0.13742602199488085
0.13731681069428892
0.1371797516407862
0.13702730342907984
0.1366182600413429
0.13639608003043674
0.13638459196181815
0.13617205560221163
0.13598139295734607
0.13588950256974267
0.1355271502035077
0.1354136038791832
0.13518964848432072
0.13506450339579562
0.1348898370479079
0.13479028176641797
0.1341800790133655
0.13413577523448936
0.1340364064754176
0.13386922895354916
0.1337898734255691
0.13372318781414663
0.13370768083743875
0.1336869968630768
0.13315132070954672
0.13310524885745126
0.1329771269725066
0.13281735617715903
0.13273139478138113
0.132631274439135
0.13262334669335896
0.13203702514566082
0.13183137480371718
0.13177998489347384
0.1313230881813666
0.13106439492391284
0.1308441838426231
0.13080509827821937
0.13065559521789424
0.13032258392153573
0.12963302732569001
0.1294430983124745
0.12935495111957787
0.12912657553083892
0.12895906546862432
0.12835401711886743
0.1283206388114712
0.12799369930075982
0.12793833067439028
0.1279294931866676
0.12782789836641764
0.12775771065600458
0.1277471659959846
0.1277165321713951
0.1275281098652653
0.12735474692002965
0.12730843501112418
0.12709159067912607
0.12666858294503808
0.12620961073346884
0.1254962670443353
0.12544568079373805
0.12530388395918066
0.12491979847731571
0.12486143886239172
0.12477798719131461
0.12470500080725971
0.12433916627566655
0.12418685796488547
0.12404526945755304
0.12388447282988065
0.1238377361405439
0.12378101796525905
0.12370437348482084
0.12362059014124803
0.12291015995478156
0.12288962333791303
0.12262035317965991
0.12239173516586291
0.1223208640782248
0.12228142821388109
0.12149629642723679
0.1214154545684248
0.12096746127794336
0.12094857816717762
0.12073103407793406
0.12064653005096906
0.12010088788821108
0.11997103109233026
0.11995766653624368
0.11988004317537176
0.11984913191205236
0.11919979206381158
0.11910939966900976
0.1190180811709693
0.11881726603562237
0.11875557505810126
0.11847957973474893
0.11846547613598049
0.1180868775963172
0.11782407045806509
0.11777358506038887
0.11757379319920619
0.1170206545114738
0.11698774610042924
0.11698434175383149
0.11657790277222149
0.1164192012978727
0.11615543721810045
0.11595288468728815
0.11580739209955149
0.11573985149440964
0.11560569151842313
0.11555209576622237
0.11536724456735903
0.11510719059255577
0.11502985405197144
0.11502285040650173
0.1150108795988329
0.11499638530391253
0.11468754004185662
0.11446078438142955
0.11436373184177716
0.11408991875981203
0.11354156157357365
0.11335248076467526
0.11332427426287967
0.11318437784496337
0.11308655491560803
0.11269065812690966
0.11254990018707028
0.1124882201625592
0.11243922948373544
0.11202530227942414
0.11193987456527613
0.11148851948305723
0.11119054381524716
0.11106388947385491
0.11099209777382167
0.11064594597763432
0.11034780003865037
0.10979220450878194
0.10973937119344244
0.10942450392008703
0.10918108185108902
0.10887434095826982
0.10879416921070842
0.10876992935920238
0.10868511230758411
0.10867411426411147
0.1086050448465435
0.10856337375635405
0.10819126908095263
0.10801441961348895
0.10765410087966149
0.10762552986914758
0.10754286502531643
0.1073101259451964
0.10730125764943269
0.10712248074158998
0.10701325079836443
0.10644810826203102
0.10629222346599168
0.10605124359122112
0.10582692343321297
0.10568514656987074
0.10491190776330311
0.10434144969753939
0.10418030634203423
0.10369655695971013
0.10328111819105618
0.10312614365390566
0.10294578518943823
0.1029190754120387
0.10261520326423815
0.10248913058877684
0.10225320286458117
0.10217575877226866
0.10164312161840615
0.10158842052524786
0.10157819646100895
0.10146351908292231
0.10145825011412346
0.10145541368747316
0.10128002297841854
0.10121090047954913
0.10111181864470752
0.1010895777085147
0.10072966261723429
0.10014177565809293
0.1000852042470791
0.09975024208845203
0.09883470884463218
0.09857773494482479
0.09853091958135539
0.09843782420311364
0.09838707038257759
0.09824748002692506
0.09795671425187752
0.09790538895620862
0.0967236908512858
0.09664754997037718
0.0964198132777756
0.0963343427243687
0.09633216269661717
0.09629899636802655
0.09615262846880133
0.09571920298380579
0.09560340275251943
0.09560275483082392
0.09523169546947198
0.09521400332492316
0.09507545815290848
0.09476311997152488
0.09474581254786112
0.0946965770198077
0.09428320544664813
0.09421655454438892
0.0940761406276785
0.09402155208593184
0.093920084738835
0.09386793728357422
0.0937518684769984
0.09368168943797839
0.0935585179261333
0.0932763577627589
0.09323507429728456
0.09317427743529468
0.09303637731313968
0.0924966356501707
0.09243502744987482
0.09239004506235893
0.09221832502776793
0.09206061492606464
0.0913125950054548
0.0913063915975857
0.09056225196280583
0.0905512489995901
0.0902027870253484
0.08991773600145443
0.08983386967821208
0.0896430877813383
0.0895342108075115
0.08953372229598346
0.08947207259483098
0.08929706789032012
0.08909969208261437
0.08904194553700723
0.08903611616777486
0.0888866224475057
0.08885009337672117
0.08864526028469276
0.08804590760195585
0.08803086408974999
0.08791052123051041
0.08787674970789822
0.0875447711034173
0.08719558051495996
0.08716481604306116
0.08694090616551339
0.08689010202128519
0.08669214171319146
0.08659332912172123
0.08658407055816386
0.08555337714256987
0.08548074641468169
0.08548053718158326
0.08535683316829001
0.08522156464704081
0.08478952531664818
0.08452237731081572
0.08442861460708569
0.08435817023075952
0.08426665264657252
0.08422879075402773
0.08403594165527987
0.08371209746133182
0.08354859838714475
0.08325165707068188
0.08292356187011142
0.08255126332539946
0.08249133276339611
0.08244543091663194
0.08240096966193806
0.08236452883093494
0.08229002836709096
0.08215836759685148
0.08189479189274215
0.08182624987576699
0.08167633347973313
0.08164113542817059
0.08163684140140566
0.08158779368097521
0.08138837900515711
0.08138594695226715
0.08129602321792556
0.08086090000824862
0.08073992743390929
0.08054568571910575
0.0804488211887406
0.08040279308911785
0.08035180127086262
0.08032887707825641
0.07996121895553333
0.07967585722406384
0.07966691669300091
0.07958749357565312
0.07947053684168563
0.07893589984621925
0.07880960069903135
0.07867334222710273
0.07862712730527854
0.07816734553752487
0.07814495771661173
0.07806537538992525
0.07781196936042636
0.07780982512888224
0.07738344569728195
0.07730786787294323
0.07727928340466933
0.07724755825362777
0.07711741072177963
0.07682086154843637
0.0767718461064327
0.07651863031111515
0.07646236296864249
0.07643930444535192
0.07640625901855905
0.07604662383290979
0.07581596763281995
0.0755885788229752
0.07537670022122062
0.07532947227386977
0.07514918873642734
0.07512783782314475
0.07512040212254434
0.07455408643476122
0.07433659523779228
0.07418327877645042
0.07338693260183428
0.07326806172521037
0.07315427469213118
0.07293387183998033
0.07273848174489693
0.07233235410044787
0.0719920040207012
0.07194603476486387
0.07193768012286525
0.07167438836551004
0.07142608148625322
0.07115663217647487
0.07079035333202328
0.07073024730204751
0.07049976951323883
0.07027607301622321
0.07023568830111304
0.07013144177472605
0.07003210992431244
0.06993964936689735
0.06985389633746764
0.06967301406312298
0.06929537611691702
0.06922335879940869
0.06895754875099523
0.068366825715401
0.06835787600219573
0.0680587518693556
0.06759326110073204
0.06758266946471855
0.06730904871613308
0.06722022120434339
0.06716714363365776
0.0671463834164766
0.06689570056037579
0.06600201125130274
0.06587715432050326
0.06585819089290411
0.0655868453580589
0.06548317164373432
0.06431020368870814
0.06427713506271775
0.06386243913413346
0.06341500611174364
0.0634128696570083
0.06296778232416529
0.06288837395419054
0.06261022232396259
0.062402865703496235
0.06193859767956709
0.061874956875332204
0.06144765016624152
0.06121813290206163
0.060523441477190555
0.06051396453863775
0.06012530078319487
0.059864385227251384
0.059593275077820446
0.05954184591769103
0.05951397498817517
0.05941465480600941
0.05939984000741677
0.0592285456697255
0.05919013324621667
0.05913262877723913
0.05877582187102193
0.058593539410129895
0.05848348799358314
0.058292412722224074
0.05811326650971045
0.057894767053965505
0.05758885897258768
0.05743139976420724
0.05722237605418922
0.05715208195414199
0.057025848589430654
0.05689659261669783
0.05679879318714037
0.05676466069852613
0.05673175453844828
0.05592382242347191
0.055818367975279296
0.05533717915030461
0.05524502599421826
0.05507000329528882
0.054754633608709996
0.05457406932132735
0.05447689531971094
0.05416115380394986
0.054080301824322434
0.0539351488223162
0.05392306486439097
0.053683463039699356
0.053615127351348185
0.053536856321679926
0.05300155023108463
0.05294705099587053
0.05271775882214578
0.05246025259117089
0.052109546125147205
0.05176320685433791
0.05167081329367806
0.05164593037920693
0.051288344360997155
0.05123220153723118
0.05076545487125022
0.05038015240668299
0.0502481003077083
0.05013049286475107
0.04964371322583752
0.04954417911267134
0.0491191020798925
0.04908582524811077
0.04849926311285007
0.04848160416248893
0.048430015710214304
0.048382174513521614
0.04798489964517326
0.047877653840433125
0.04776802838523615
0.04757137128125605
0.04737865070249241
0.047206530644528275
0.046793247386826865
0.046751776314327434
0.04660984011320435
0.04630511019254718
0.04604229362324677
0.04588607790256891
0.04555965440867934
0.04518913092058915
0.044648187652809763
0.04462447472948435
0.0445010422999109
0.04442643136887657
0.04428612057096107
0.04427914862420886
0.04419732586950553
0.04400127206184313
0.04399070295430772
0.04384653834666446
0.04381049445848409
0.04379564451382675
0.043741286535736196
0.04360530687548672
0.04342231695009589
0.04332033131087379
0.04307223745512739
0.042881584037076405
0.04278632443682176
0.042645856331282816
0.042627998681787134
0.04260728392636026
0.04231341423912179
0.04210365249837214
0.042071412365650776
0.04202034429259896
0.041983748242943764
0.041890109492528194
0.04150050438320606
0.04137443766373912
0.0409178470249886
0.04063978477947603
0.04063425485803805
0.04038532266175554
0.040217675979104334
0.040213474398417326
0.03949797621370621
0.03927647624291658
0.03914539687053242
0.03910796985264
0.03895805657839151
0.03838730277870762
0.037893546777218116
0.0375845750793302
0.037540293739537454
0.03712164351086996
0.036782719659981394
0.036608848528318735
0.03656728606277668
0.03647465951539887
0.03610478759217758
0.03606848709162646
0.03571182805639162
0.03563909885351792
0.03563092310201236
0.035553315554980175
0.03535741875288974
0.03506725035279186
0.034720058578573874
0.03457695828365872
0.03445511285919139
0.03370723456558749
0.033684151282935115
0.033568953230143264
0.03354708820502774
0.03353418241965978
0.03342287686931593
0.03335794675358726
0.03322263824451873
0.0329775018275403
0.03294398981993648
0.032893599542090146
0.03257935489166376
0.032205663807326375
0.031772368492666146
0.03172853250894455
0.03145708579518208
0.03096578973415988
0.030963679691196164
0.030687445513549367
0.030264309460910223
0.03006091491615135
0.0299754139381115
0.029967931250769138
0.029939047286501364
0.029878425912863566
0.029618535279257868
0.029005879685979924
0.0289436441364156
0.02847868992704344
0.028424751475855888
0.02821871918258989
0.027993738701605955
0.027459486179488454
0.02745614462860608
0.02744503758370332
0.027360052267208525
0.0
0.0
0.0
0.0
0.0
0.0
0.0
0.0
0.0
0.0
0.0
0.0
0.0
0.0
0.0
0.0
0.0
0.0
0.0
0.0
0.0
0.0
0.0
0.0
0.0
0.0
0.0
0.0
0.0
0.0
0.0
0.0
0.0
0.0
0.0
0.0
0.0
0.0
0.0
0.0
0.0
0.0
0.0
0.0
0.0
0.0
0.0
0.0
0.0
0.0
0.0
0.0
0.0
0.0
0.0
0.0
0.0
0.0
0.0
0.0
0.0
0.0
0.0
0.0
0.0
0.0
0.0
0.0
0.0
0.0
0.0
0.0
0.0
0.0
0.0
0.0
0.0
0.0
0.0
0.0
0.0
0.0
0.0
0.0
0.0
0.0
0.0
0.0
0.0
0.0
0.0
0.0
0.0
0.0
0.0
0.0
0.0
0.0
0.0
0.0
0.0
0.0
0.0
0.0
0.0
0.0
0.0
0.0
0.0
0.0
0.0
0.0
0.0
0.0
0.0
0.0
0.0
0.0
0.0
0.0
0.0
0.0
0.0
0.0
0.0
0.0
0.0
0.0
0.0
0.0
0.0
0.0
0.0
0.0
0.0
0.0
0.0
0.0
0.0
F(v):*************************************
9.85823729085511E-4
0.0019108249708088554
0.002173705039258622
0.0023182129368902737
0.0033810553394324483
0.004692893304779955
0.004748469148674883
0.007023007716835505
0.009304549853536903
0.010155364856405669
0.010304929378783911
0.011705724550727159
0.011963495970029214
0.012128983008140026
0.012670603040668693
0.01350123118632629
0.013509056364660488
0.01563273716403335
0.017016112027956165
0.017866648697683285
0.02029927241168239
0.020750527030715227
0.02095135297291084
0.02245200295017291
0.022660942258024175
0.023216388508757402
0.023412599119573496
0.02346465491686245
0.024332158571566342
0.024774877867815515
0.025033121817960913
0.02518823164841033
0.025264665488570537
0.026625401429443363
0.026789641906121986
0.027486004565467903
0.027664152991986102
0.029071587485784534
0.030076174467161265
0.03304507551728886
0.03357621274913203
0.03659205743809513
0.038639803498685565
0.04076540559818809
0.04262596390352236
0.04294468554341446
0.04521912236902936
0.04611238609945556
0.047132905353551746
0.04764961978394466
0.04852726400000318
0.05144768737760086
0.05273406360986166
0.052797497633940926
0.0532912879999764
0.054130606821302774
0.054797920351669194
0.055193516035822565
0.05549567113040077
0.05632742761152687
0.056571079817290815
0.058669727068663136
0.06155886551368972
0.06227941969310513
0.0629966377593213
0.06306776782226653
0.06384859479066007
0.06447579873392806
0.06463613266645951
0.06494103806300577
0.06579408927507935
0.06654420609210354
0.06859622289654266
0.06936002596339796
0.0730985060038003
0.07346163075550294
0.07448268642285649
0.07459850176279892
0.077320218282794
0.07929090271899919
0.08015491063444125
0.08129000663239971
0.08287202492313461
0.08361762866883138
0.08460674140357649
0.08593053133699102
0.08811469523771598
0.08885540897470723
0.08957015962660086
0.09075751432707202
0.09137705525362616
0.09235357050071069
0.09323780887294986
0.09330236728716568
0.09537827366494278
0.0957594704770256
0.09769957702450205
0.10021277783911853
0.10176391797824746
0.10230470664188829
0.10349921144291374
0.10364739967334413
0.10548686415333697
0.10647309961421547
0.10659610606841785
0.1069005816465658
0.107022125641836
0.10816609741109973
0.1083202155196682
0.11200954834669519
0.11367201740190758
0.11425617244516673
0.11451055692720136
0.11455041058844118
0.11516620915454745
0.11581180271447722
0.11582964579313448
0.11724823644421489
0.11757364288945182
0.11780329408309909
0.11794014514594042
0.11921358991031183
0.12210757570377018
0.12294043441487446
0.12468544140712812
0.12492577498250945
0.12697355437953617
0.12731786010568258
0.12760467265109932
0.12807392893907943
0.1282165427956904
0.1290475647222573
0.129404028396354
0.1306125452791519
0.13092823545491838
0.13121331277336257
0.13130324670298998
0.1322580387972776
0.1338161975239055
0.13600433568908077
0.13732892184327006
0.1398205222528195
0.1406204969787057
0.14119060976941433
0.14223179346074577
0.14282859029242623
0.14345611168366723
0.1436829566619946
0.14417406360309315
0.14486853078356254
0.14501208116274578
0.1451200131127941
0.1464103025610346
0.14750208423421407
0.1483068390125566
0.14869903568754772
0.1487883400709079
0.15072537861020452
0.15098372854499875
0.1515634102570883
0.15453761408186284
0.1559926224684821
0.15700644202314507
0.15719952950210636
0.1572366458290767
0.15911665221835514
0.15935418766388376
0.160633588701935
0.16070357386122125
0.16576054726344835
0.1680047335181467
0.16810052904589745
0.17021334623998874
0.17188117785660884
0.17194190772232132
0.17202715151199843
0.17434776969511656
0.17557505367639303
0.1764325776451613
0.17645592116282927
0.17697103642572176
0.1771369174804054
0.177966370253271
0.1786895435366047
0.1793797611301342
0.17946007772922534
0.1796168281053373
0.17977509869592612
0.184189963665345
0.18507521006711392
0.1888380936449211
0.19099715337060974
0.19302783028615556
0.19326399251923598
0.19710405759484828
0.19807134559762107
0.2004581072884286
0.20091999354902657
0.20138083865913614
0.20190558197391728
0.2034528746039479
0.20560871142823434
0.2060404096234334
0.2062070071640093
0.20727460679651677
0.20886787712582544
0.21120677535040833
0.21134734996427662
0.21265819080216286
0.2136914111055418
0.2143324693523765
0.217857359686761
0.2184099805979114
0.21911916005898735
0.22056310525151568
0.22174584398634667
0.22200105967765116
0.22212745871718376
0.22453086340174422
0.22590174955928466
0.22705535027304669
0.22752676217462053
0.22825048279759974
0.22936934522617736
0.23212653274068118
0.23434352399237635
0.2358338259322359
0.23656506743211592
0.23680550322499894
0.23800032450644193
0.23875520293443642
0.24291197058890113
0.24322915291032865
0.24357532658155256
0.24595660763077998
0.2460902632834503
0.24707459710682156
0.24841692189706877
0.2505019664584268
0.25054304267629623
0.25233656085811373
0.25300082048877726
0.2530581147341745
0.2567481979595614
0.25726772320820135
0.25733168281893215
0.25830572491838055
0.2586038988093795
0.26084148294273923
0.2661496677103531
0.26659055412641297
0.26803711906312977
0.2697044211015246
0.27184372083609454
0.2726243491992909
0.27293985132352283
0.2740160784686847
0.2742066916587449
0.2743773148918749
0.2752080709957546
0.2802105257400156
0.28245035724965994
0.2825066566909954
0.28263625396053005
0.2830531370142425
0.2847142588457314
0.2853377813562634
0.2857923228773517
0.28604305372979955
0.2870730729539117
0.28825751972875746
0.28901311781171657
0.2901437308746069
0.2903038432321592
0.29051292471300505
0.29109574640346814
0.29189362435404487
0.29229296687270845
0.2955459290806951
0.29608916663560325
0.3001461013186042
0.30037296012951864
0.3022606713730075
0.3032614556062696
0.3041974202324754
0.30521943932920426
0.3053966672452695
0.3058881194472769
0.3060248957441646
0.30712822244404936
0.30859366429385915
0.31058977847026426
0.3113511006648838
0.3128623858027345
0.31286989002559573
0.3134159465285554
0.31410124179606913
0.31486348285460086
0.3169086997932855
0.31801959984781636
0.3180770401909093
0.3191397219889419
0.3200930352132697
0.3205524871512867
0.3223642489824615
0.3229319806040841
0.32405175757839644
0.32467748302102195
0.32555081476046044
0.3260485911679102
0.3290996049331725
0.3293211238275533
0.32981796762291204
0.3306538552322542
0.3310506328721544
0.33138406092926687
0.3314615958128063
0.33156501568461594
0.3342433964522664
0.33447375571274374
0.33511436513746706
0.3359132191142049
0.3363430260930944
0.3368436278043251
0.3368832665332052
0.3398148742716959
0.3408431259814141
0.3411000755326308
0.343384559093167
0.3446780253804358
0.34577908078688446
0.3459745086089031
0.34672202391052875
0.34838708039232136
0.3518348633715499
0.35278450843762754
0.35322524440211067
0.35436712234580536
0.3552046726568785
0.3582299144056629
0.358396805942644
0.36003150349620094
0.36030834662804867
0.360352534066662
0.3608605081679118
0.36121144671997707
0.36126417002007705
0.36141733914302454
0.3623594506736735
0.3632262653998518
0.36345782494437917
0.36454204660436973
0.36665708527480967
0.3689519463326558
0.3725186647783235
0.3727715960313097
0.3734805802040967
0.37540100761342143
0.3756928056880414
0.37611006404342695
0.3764749959637015
0.37830416862166727
0.37906571017557267
0.37977365271223484
0.3805776358505968
0.3808113192972805
0.3810949101737048
0.3814781325758958
0.3818970492937599
0.3854492002260922
0.3855518833104349
0.38689823410170043
0.3880413241706855
0.388395679608876
0.3885928589305946
0.3925185178638161
0.392922727157876
0.3951626936102832
0.39525710916411194
0.3963448296103297
0.3967673497451547
0.39949556055894464
0.40014484453834875
0.40021166731878166
0.40059978412314123
0.40075434043973823
0.40400103968094214
0.40445300165495124
0.4049095941451535
0.40591366982188815
0.4062221247094937
0.4076021013262554
0.4076726193200976
0.409565612018414
0.41087964770967456
0.4111320746980557
0.4121310340039691
0.41489672744263106
0.4150612694978538
0.4150782912308426
0.41711048613889257
0.41790399351063656
0.4192228139094978
0.42023557656355925
0.42096303950224256
0.4213007425279518
0.42197154240788437
0.4222395211688882
0.42316377716320486
0.4244640470372212
0.4248507297401428
0.42488574796749135
0.42494560200583553
0.4250180734804374
0.4265622997907169
0.42769607809285226
0.42818134079111425
0.42955040620093987
0.43229219213213177
0.4332375961766237
0.43337862868560173
0.4340781107751832
0.4345672254219599
0.4365467093654517
0.43725049906464863
0.43755889918720403
0.4378038525813228
0.43987348860287934
0.4403006271736194
0.4425574025847139
0.4440472809237642
0.4446805526307255
0.4450395111308917
0.44677027011182846
0.44826099980674816
0.45103897745609034
0.4513031440327878
0.4528774803995649
0.45409459074455494
0.4556282952086509
0.45602915394645793
0.4561503532039881
0.45657443846207946
0.4566294286794427
0.4569747757672825
0.45718313121822973
0.4590436545952369
0.4599279019325553
0.46172949560169263
0.46187235065426213
0.4622856748734179
0.463449370274018
0.4634937117528366
0.4643875962920502
0.46493374600817783
0.4677594586898449
0.4685388826700416
0.46974378204389444
0.4708653828339352
0.4715742671506463
0.4754404611834845
0.4782927515123031
0.4790984682898288
0.4815172152014494
0.4835944090447192
0.4843692817304718
0.4852710740528089
0.4854046229398066
0.4869239836788093
0.4875543470561158
0.48873398567709414
0.48912120613865673
0.4917843919079693
0.4920578973737607
0.4921090176949553
0.4926824045853885
0.4927087494293827
0.49272293156263425
0.4935998851079073
0.49394549760225437
0.49444090677646246
0.4945521114574265
0.4963516869138286
0.4992911217095354
0.4995739787646045
0.5012487895577399
0.5058264557768392
0.5071113252758761
0.5073454020932231
0.5078108789844318
0.508064648087112
0.5087625998653748
0.5102164287406125
0.5104730552189569
0.516381545743571
0.5167622501481142
0.517900933611122
0.5183282863781565
0.5183391865169142
0.5185050181598673
0.5192368576559934
0.5214039850809711
0.5219829862374029
0.5219862258458805
0.5238415226526401
0.5239299833753842
0.5246227092354576
0.5261844001423757
0.5262709372606944
0.5265171149009615
0.5285839727667594
0.5289172272780555
0.5296192968616076
0.5298922395703408
0.5303995763058251
0.530660313582129
0.531240657615008
0.5315915528101081
0.5322074103693335
0.5336182111862056
0.5338246285135773
0.5341286128235266
0.5348181134343015
0.5375168217491465
0.5378248627506259
0.5380497746882054
0.5389083748611604
0.5396969253696768
0.5434370249727261
0.5434680420120714
0.5471887401859709
0.5472437550020495
0.5489860648732581
0.5504113199927279
0.5508306516089396
0.5517845610933085
0.5523289459624425
0.5523313885200827
0.5526396370258451
0.5535146605483994
0.5545015395869282
0.5547902723149639
0.5548194191611258
0.5555668877624715
0.5557495331163942
0.5567736985765362
0.5597704619902208
0.5598456795512501
0.560447393847448
0.5606162514605089
0.5622761444829135
0.5640220974252002
0.5641759197846943
0.565295469172433
0.565549489893574
0.5665392914340427
0.5670333543913939
0.5670796472091808
0.5722331142871506
0.5725962679265916
0.5725973140920837
0.57321583415855
0.573892176764796
0.5760523734167591
0.5773881134459214
0.5778569269645716
0.5782091488462024
0.5786667367671374
0.5788560462298613
0.5798202917236006
0.5814395126933409
0.5822570080642763
0.5837417146465906
0.585382190649443
0.5872436833730028
0.5875433361830195
0.5877728454168403
0.5879951516903097
0.5881773558453254
0.5885498581645452
0.5892081620157426
0.5905260405362893
0.5908687506211651
0.5916183326013345
0.5917943228591471
0.5918157929929717
0.592061031595124
0.5930581049742145
0.5930702652386642
0.5935198839103721
0.5956954999587569
0.5963003628304536
0.5972715714044712
0.597755894056297
0.5979860345544108
0.598240993645687
0.598355614608718
0.6001939052223333
0.6016207138796807
0.6016654165349955
0.6020625321217344
0.6026473157915719
0.6053205007689038
0.6059519965048432
0.6066332888644863
0.6068643634736073
0.6091632723123757
0.6092752114169413
0.6096731230503738
0.6109401531978682
0.6109508743555888
0.6130827715135903
0.6134606606352839
0.6136035829766533
0.6137622087318613
0.6144129463911019
0.6158956922578182
0.6161407694678365
0.6174068484444243
0.6176881851567876
0.6178034777732404
0.6179687049072048
0.6197668808354511
0.6209201618359004
0.622057105885124
0.6231164988938969
0.6233526386306512
0.6242540563178633
0.6243608108842762
0.6243979893872783
0.6272295678261939
0.6283170238110387
0.6290836061177478
0.6330653369908286
0.6336596913739481
0.6342286265393442
0.6353306408000984
0.6363075912755154
0.6383382294977606
0.640039979896494
0.6402698261756806
0.6403115993856738
0.6416280581724498
0.6428695925687339
0.6442168391176257
0.6460482333398836
0.6463487634897624
0.6475011524338059
0.648619634918884
0.6488215584944348
0.6493427911263698
0.6498394503784378
0.6503017531655133
0.6507305183126618
0.6516349296843851
0.653523119415415
0.6538832060029566
0.6552122562450239
0.658165871422995
0.6582106199890214
0.659706240653222
0.6620336944963399
0.6620866526764073
0.6634547564193346
0.6638988939782831
0.6641642818317112
0.6642680829176171
0.665521497198121
0.6699899437434863
0.6706142283974837
0.6707090455354795
0.6720657732097055
0.6725841417813284
0.6784489815564594
0.6786143246864113
0.6806878043293327
0.6829249694412818
0.6829356517149585
0.6851610883791736
0.6855581302290473
0.6869488883801871
0.6879856714825188
0.6903070116021646
0.690625215623339
0.6927617491687924
0.6939093354896919
0.6973827926140472
0.6974301773068112
0.6993734960840257
0.700678073863743
0.7020336246108978
0.7022907704115449
0.7024301250591242
0.702926725969953
0.7030007999629162
0.7038572716513725
0.7040493337689167
0.7043368561138044
0.7061208906448904
0.7070323029493506
0.7075825600320843
0.7085379363888796
0.7094336674514478
0.7105261647301725
0.7120557051370616
0.7128430011789638
0.7138881197290539
0.7142395902292901
0.7148707570528468
0.7155170369165109
0.7160060340642982
0.7161766965073694
0.7163412273077586
0.7203808878826405
0.7209081601236036
0.723314104248477
0.7237748700289087
0.7246499835235559
0.72622683195645
0.7271296533933633
0.7276155234014453
0.7291942309802507
0.7295984908783879
0.730324255888419
0.7303846756780452
0.7315826848015032
0.731924363243259
0.7323157183916004
0.7349922488445768
0.7352647450206473
0.7364112058892711
0.7376987370441456
0.739452269374264
0.7411839657283105
0.7416459335316097
0.7417703481039654
0.7435582781950143
0.7438389923138441
0.7461727256437489
0.7480992379665851
0.7487594984614585
0.7493475356762447
0.7517814338708124
0.7522791044366434
0.7544044896005375
0.7545708737594462
0.7575036844357497
0.7575919791875554
0.7578499214489285
0.758089127432392
0.7600755017741337
0.7606117307978344
0.7611598580738193
0.7621431435937198
0.763106746487538
0.7639673467773587
0.7660337630658657
0.7662411184283628
0.7669507994339783
0.7684744490372641
0.7697885318837662
0.7705696104871554
0.7722017279566034
0.7740543453970543
0.7767590617359512
0.7768776263525783
0.7774947885004455
0.7778678431556172
0.7785693971451947
0.7786042568789557
0.7790133706524723
0.7799936396907844
0.7800464852284614
0.7807673082666777
0.7809475277075796
0.7810217774308663
0.781293567321319
0.7819734656225664
0.7828884152495206
0.7833983434456311
0.7846388127243631
0.785592079814618
0.7860683778158912
0.7867707183435859
0.7868600065910644
0.7869635803681987
0.7884329288043911
0.7894817375081393
0.7896429381717461
0.7898982785370052
0.7900812587852812
0.7905494525373591
0.7924974780839698
0.7931278116813044
0.795410764875057
0.7968010761026199
0.7968287257098098
0.7980733866912223
0.7989116201044784
0.7989326280079134
0.802510118931469
0.8036176187854172
0.8042730156473379
0.8044601507368
0.8052097171080425
0.808063486106462
0.8105322661139094
0.812077124603349
0.8122985313023128
0.8143917824456501
0.8160864017000931
0.8169557573584063
0.8171635696861166
0.8176267024230057
0.8194760620391122
0.8196575645418677
0.8214408597180419
0.8218045057324104
0.8218453844899383
0.8222334222250991
0.8232129062355513
0.8246637482360407
0.8263997071071306
0.8271152085817064
0.8277244357040431
0.8314638271720626
0.8315792435853244
0.8321552338492837
0.8322645589748613
0.8323290879017011
0.8328856156534203
0.8332102662320637
0.8338868087774064
0.8351124908622986
0.8352800509003175
0.8355320022895493
0.8371032255416813
0.8389716809633682
0.8411381575366692
0.8413573374552772
0.8427145710240895
0.8451710513292006
0.8451816015440192
0.8465627724322532
0.848678452695449
0.8496954254192433
0.8501229303094425
0.8501603437461543
0.8503047635674932
0.8506078704356822
0.8519073236037107
0.8549706015701004
0.855281779317922
0.8576065503647828
0.8578762426207206
0.8589064040870505
0.8600313064919702
0.8627025691025577
0.8627192768569696
0.8627748120814834
0.8631997386639574
0.0
0.0
0.0
0.0
0.0
0.0
0.0
0.0
0.0
0.0
0.0
0.0
0.0
0.0
0.0
0.0
0.0
0.0
0.0
0.0
0.0
0.0
0.0
0.0
0.0
0.0
0.0
0.0
0.0
0.0
0.0
0.0
0.0
0.0
0.0
0.0
0.0
0.0
0.0
0.0
0.0
0.0
0.0
0.0
0.0
0.0
0.0
0.0
0.0
0.0
0.0
0.0
0.0
0.0
0.0
0.0
0.0
0.0
0.0
0.0
0.0
0.0
0.0
0.0
0.0
0.0
0.0
0.0
0.0
0.0
0.0
0.0
0.0
0.0
0.0
0.0
0.0
0.0
0.0
0.0
0.0
0.0
0.0
0.0
0.0
0.0
0.0
0.0
0.0
0.0
0.0
0.0
0.0
0.0
0.0
0.0
0.0
0.0
0.0
0.0
0.0
0.0
0.0
0.0
0.0
0.0
0.0
0.0
0.0
0.0
0.0
0.0
0.0
0.0
0.0
0.0
0.0
0.0
0.0
0.0
0.0
0.0
0.0
0.0
0.0
0.0
0.0
0.0
0.0
0.0
0.0
0.0
0.0
0.0
0.0
0.0
0.0
0.0
0.0
